6357980293
6353601256
6354863304
6352335420
6351444156
9978400135
9973670860
9971666196
6358326109
6351227393
6358756607
9978231615
6352096183
8125779778
9977042333
6357812084
6351977148
9977149235
6355793988
6354439037
9975136566
9974852792
6353423888
6358105790
9971131469
8121019379
8122201920
9972710355
9972425990
8123986024
6357749984
8126532098
6354642347
9976441992
6359851962
6355069907
6352436116
6352668183
8129497484
9971205741
8126835751
9972479046
8122199427
8121739885
8128448180
8124974532
6351550969
8128647878
9977425203
8127007021
